H 1 1,00797 -+1
He 2 4,0026 0
Li 3 6,939 -+1
Be 4 9,0122 0
B 5 10,811 -1 
C 6 12,01115 -4
N 7 14,0067 -+3
O 8 15,9994 +2
F 9 18,9984 +1
Ne 10 20,179 0
Na 11 22,9898 -+1
Mg 12 24,305 0
Al 13 26,9815 -1
Si 14 28,086 -4
P 15 30,9738 -+3
S 16 32,064 +2
Cl 17 35,453 +1
Ar 18 39,948 0
K 19 39,102 -+1
Ca 20 40,08 0
Sc 21 44,956 -1
Ti 22 47,90 -2
V 23 50,942 -3
Cr 24 51,996 -+1
Mn 25 54,9380 -+5
Fe 26 55,847 -4
Co 27 58,9330 +3
Ni 28 58,71 +2
Cu 29 63,546 -+1
Zn 30 65,37 0
Ga 3169,72 -1
Ge 32 72,59 -2
As 33 74,9216 -+3
Se 34 78,96 +2
Br 35 79,904 +1
Kr 36 83,80 0
Rb 37 85,47 -+1
Sr 38 87,62 0
Y 39 88,905 -1
Zr 40 91,22 -2
Nb 41 92,906 -+1
Mo 42 95,94 -+1
Tc 43 99 -+5
Ru 44 101,07 -+1
Rh 45 102,905 -+1
Pd 46 106,4 0
Ag 47 107,868 -+1
Cd 48 112,40 0
In 49 114,82 -1
Sn 50 118,69 -2
Sb 51 121,75 -+3
Te 52 127,60 +2
I 53 126,9044 +1
Xe 54 131,30 0
Cs 55 132,905 -+1
Ba 56 137,34 0
La 57 138,91 -1
Hf 72 178,49 -2
Ta 73 180,948 -3
W 74 183,85 -4
Re 75 186,2 -+5
Os 76 190,2 +4
Ir 77 192,2 +3
Pt 78 195,09 -+1
Au 79 196,967 -+1
Hg 80 200,59 0
Tl 81 204,37 -1
Pb 82 207,19 -2
Bi 83 208,980 -+3
Po 84 210 +2
At 85 210 +1
Rn 86 222 0
Fr 87 223 -+1
Ra 88 226  0
Ac 89 227 -1
Rf 104 261 -2
Db 105 262 -3
Sg 106 263 -4
Bh 107 262 -+5
Hs 108 265 +4
Mt 109 266 +3