H 1 0 1.00797 -+1
He 2 2 4.0026 0
Li 3 4 6.939 -+1
Be 4 5 9.0122 0
B 5 6 10.811 -1 
C 6 6 12.01115 -4
N 7 7 14.0067 -+3
O 8 8 15.9994 +2
F 9 10 18.9984 +1
Ne 10 10 20.179 0
Na 11 12 22.9898 -+1
Mg 12 12 24.305 0
Al 13 14 26.9815 -1
Si 14 14 28.086 -4
P 15 16 30.9738 -+3
S 16 16 32.064 +2
Cl 17 18 35.453 +1
Ar 18 22 39.948 0
K 19 20 39.102 -+1
Ca 20 20 40.08 0
Sc 21 24 44.956 -1
Ti 22 26 47.90 -2
V 23 28 50.942 -3
Cr 24 29 51.996 -+1
Mn 25 30 54.9380 -+5
Fe 26 30 55.847 -4
Co 27 32 58.9330 +3
Ni 28 31 58.71 +2
Cu 29 35 63.546 -+1
Zn 30 35 65.37 0
Ga 31 39 69.72 -1
Ge 32 41 72.59 -2
As 33 42 74.9216 -+3
Se 34 45 78.96 +2
Br 35 45 79.904 +1
Kr 36 48 83.80 0
Rb 37 48 85.47 -+1
Sr 38 50 87.62 0
Y 39 50 88.905 -1
Zr 40 51 91.22 -2
Nb 41 52 92.906 -+1
Mo 42 54 95.94 -+1
Tc 43 56 99 -+5
Ru 44 57 101.07 -+1
Rh 45 58 102.905 -+1
Pd 46 60 106.4 0
Ag 47 61 107.868 -+1
Cd 48 64 112.40 0
In 49 66 114.82 -1
Sn 50 69 118.69 -2
Sb 51 71 121.75 -+3
Te 52 76 127.60 +2
I 53 74 126.9044 +1
Xe 54 77 131.30 0
Cs 55 78 132.905 -+1
Ba 56 81 137.34 0
La 57 82 138.91 -1
Hf 72 107 178.49 -2
Ta 73 108 180.948 -3
W 74 110 183.85 -4
Re 75 111 186.2 -+5
Os 76 114 190.2 +4
Ir 77 115 192.2 +3
Pt 78 117 195.09 -+1
Au 79 118 196.967 -+1
Hg 80 121 200.59 0
Tl 81 123 204.37 -1
Pb 82 125 207.19 -2
Bi 83 126 208.980 -+3
Po 84 126 210 +2
At 85 125 210 +1
Rn 86 136 222 0
Fr 87 136 223 -+1
Ra 88 138 226  0
Ac 89 138 227 -1
Rf 104 157 261 -2
Db 105 157 262 -3
Sg 106 157 263 -4
Bh 107 155 262 -+5
Hs 108 157 265 +4
Mt 109 157 266 +3